200 4000
0 2 94
0 3 1
0 4 55
0 7 40
0 8 79
0 11 79
0 19 37
0 32 56
0 35 88
0 36 24
0 37 82
0 38 47
0 43 79
0 48 45
0 50 38
0 51 5
0 52 77
0 53 47
0 58 29
0 59 20
0 65 26
0 72 55
0 81 86
0 84 68
0 88 50
0 95 59
0 99 72
0 108 93
0 110 53
0 113 23
0 120 86
0 129 74
0 133 53
0 136 24
0 138 100
0 140 44
0 146 8
0 149 71
0 157 94
0 166 32
0 170 94
0 173 70
0 176 73
0 177 86
0 181 77
0 186 40
0 196 38
1 2 28
1 3 78
1 5 30
1 13 66
1 14 51
1 19 57
1 22 29
1 28 21
1 37 86
1 39 45
1 40 95
1 41 27
1 45 5
1 47 92
1 48 45
1 52 80
1 65 88
1 67 37
1 72 75
1 73 98
1 75 77
1 77 12
1 98 20
1 105 78
1 106 37
1 110 97
1 117 71
1 118 58
1 123 75
1 125 64
1 138 92
1 141 3
1 143 79
1 146 55
1 155 12
1 157 83
1 158 54
1 163 51
1 179 45
1 188 64
1 190 56
1 198 90
2 3 56
2 10 3
2 18 5
2 20 29
2 24 29
2 31 9
2 35 3
2 40 3
2 41 95
2 50 58
2 56 32
2 60 75
2 65 12
2 72 89
2 76 54
2 85 15
2 99 65
2 112 7
2 113 27
2 114 44
2 116 41
2 121 66
2 124 4
2 128 66
2 129 41
2 135 21
2 140 49
2 148 52
2 156 2
2 160 37
2 162 55
2 167 55
2 181 79
2 183 76
2 185 56
2 189 9
2 195 3
3 7 90
3 10 84
3 12 13
3 27 64
3 31 99
3 36 70
3 38 80
3 43 97
3 44 40
3 47 37
3 53 10
3 69 4
3 75 16
3 78 64
3 84 98
3 85 2
3 86 8
3 91 92
3 92 43
3 96 72
3 99 9
3 106 96
3 109 68
3 119 87
3 123 79
3 149 81
3 151 45
3 155 30
3 163 74
3 180 34
3 191 82
3 196 6
4 7 36
4 8 29
4 9 43
4 22 58
4 31 51
4 47 91
4 49 60
4 56 34
4 58 99
4 59 10
4 60 59
4 62 84
4 68 54
4 70 28
4 71 47
4 78 11
4 95 21
4 98 68
4 100 75
4 102 44
4 104 56
4 114 66
4 115 18
4 119 6
4 126 67
4 128 89
4 139 25
4 150 78
4 152 49
4 154 45
4 158 16
4 160 31
4 168 52
4 173 1
4 177 37
4 183 88
4 187 60
4 193 56
4 194 69
4 195 84
5 8 87
5 9 40
5 13 27
5 14 68
5 16 29
5 21 39
5 22 70
5 30 39
5 32 10
5 33 49
5 39 90
5 41 61
5 44 17
5 45 45
5 46 16
5 47 83
5 57 44
5 73 31
5 78 4
5 83 85
5 86 23
5 89 30
5 93 11
5 96 22
5 102 66
5 106 46
5 109 61
5 114 25
5 126 20
5 134 88
5 141 22
5 157 81
5 163 77
5 171 47
5 175 97
5 182 88
5 186 32
6 7 28
6 9 6
6 10 17
6 11 80
6 15 85
6 16 16
6 26 35
6 45 63
6 51 20
6 58 26
6 61 38
6 63 73
6 65 61
6 70 39
6 81 37
6 86 19
6 92 61
6 95 77
6 101 64
6 103 69
6 112 94
6 120 89
6 122 11
6 131 98
6 140 88
6 149 17
6 151 14
6 171 45
6 173 59
6 175 80
6 183 23
6 185 99
6 193 5
7 8 60
7 14 73
7 19 74
7 20 51
7 26 6
7 28 76
7 30 41
7 31 97
7 36 46
7 39 36
7 44 50
7 52 29
7 53 84
7 56 63
7 68 91
7 69 53
7 74 44
7 80 95
7 84 59
7 91 71
7 95 24
7 98 8
7 100 93
7 101 55
7 110 28
7 111 55
7 116 89
7 141 50
7 150 63
7 158 66
7 162 18
7 163 76
7 172 38
7 188 12
7 198 58
8 10 86
8 12 17
8 18 12
8 20 8
8 43 17
8 45 73
8 47 24
8 51 2
8 59 75
8 63 40
8 64 64
8 68 37
8 71 8
8 75 57
8 79 45
8 81 25
8 83 29
8 95 61
8 96 88
8 105 93
8 106 82
8 114 14
8 118 30
8 119 86
8 131 59
8 134 87
8 148 84
8 153 99
8 156 35
8 157 21
8 161 57
8 164 60
8 166 21
8 169 80
8 179 45
8 187 67
8 194 75
9 10 3
9 11 14
9 27 76
9 30 57
9 31 95
9 36 35
9 41 76
9 61 91
9 62 81
9 64 3
9 73 96
9 86 96
9 87 42
9 93 88
9 99 99
9 106 95
9 108 8
9 113 25
9 116 43
9 120 85
9 134 47
9 140 20
9 143 37
9 144 15
9 158 45
9 165 76
9 166 30
9 170 19
9 171 8
9 174 67
9 182 41
9 183 88
9 187 94
9 191 55
9 193 49
9 198 83
10 11 25
10 14 61
10 17 84
10 32 26
10 33 40
10 34 90
10 41 50
10 44 38
10 51 86
10 56 33
10 61 87
10 62 11
10 69 78
10 71 40
10 72 53
10 75 9
10 76 21
10 77 96
10 86 53
10 88 19
10 92 47
10 97 65
10 100 76
10 103 45
10 109 100
10 110 60
10 115 29
10 130 57
10 132 24
10 135 73
10 149 96
10 151 23
10 157 100
10 162 15
10 167 77
10 170 91
10 171 36
10 174 91
10 177 9
10 184 59
10 186 51
10 189 64
10 192 14
11 25 78
11 26 29
11 29 21
11 37 45
11 39 94
11 42 76
11 46 92
11 55 19
11 61 11
11 65 55
11 67 43
11 69 94
11 75 89
11 79 34
11 91 100
11 94 21
11 95 2
11 98 81
11 112 29
11 119 42
11 120 50
11 124 75
11 129 91
11 135 6
11 139 17
11 142 10
11 143 5
11 156 82
11 157 97
11 158 17
11 163 64
11 164 61
11 174 18
11 178 95
11 179 58
11 181 63
11 183 19
11 185 23
11 198 79
11 199 9
12 18 24
12 20 17
12 22 86
12 23 15
12 26 46
12 27 94
12 32 41
12 41 37
12 42 27
12 58 24
12 61 21
12 69 52
12 72 47
12 73 64
12 74 50
12 78 40
12 79 91
12 84 48
12 85 81
12 93 9
12 96 94
12 104 98
12 107 23
12 108 56
12 111 96
12 112 17
12 115 82
12 118 2
12 122 44
12 130 78
12 133 50
12 140 87
12 142 5
12 162 24
12 164 51
12 194 93
13 16 93
13 18 8
13 19 35
13 20 46
13 23 84
13 28 99
13 30 79
13 36 25
13 41 29
13 45 4
13 51 76
13 58 65
13 71 33
13 72 72
13 73 100
13 74 65
13 78 45
13 81 36
13 84 19
13 87 98
13 109 19
13 120 79
13 126 89
13 129 39
13 139 53
13 142 95
13 149 70
13 152 72
13 177 15
13 178 72
13 181 29
13 186 83
13 187 90
13 192 73
13 193 34
14 24 88
14 28 20
14 30 74
14 32 21
14 33 66
14 37 9
14 38 17
14 42 15
14 43 43
14 44 16
14 45 37
14 53 91
14 64 8
14 73 6
14 74 65
14 78 48
14 82 85
14 88 50
14 106 29
14 110 43
14 122 90
14 133 34
14 137 85
14 140 44
14 143 1
14 144 28
14 149 41
14 156 25
14 163 88
14 167 72
14 168 19
14 171 23
14 177 68
14 179 92
14 182 1
14 194 28
15 16 86
15 18 84
15 26 65
15 28 96
15 29 33
15 42 80
15 54 88
15 55 72
15 61 94
15 62 94
15 66 41
15 77 84
15 78 10
15 84 90
15 93 56
15 95 90
15 97 71
15 103 38
15 106 31
15 116 78
15 117 77
15 118 94
15 121 78
15 130 40
15 132 34
15 134 76
15 135 3
15 138 74
15 140 76
15 142 49
15 149 21
15 152 6
15 158 12
15 162 95
15 163 99
15 165 74
15 166 2
15 175 44
15 183 46
15 192 85
15 193 28
15 194 11
15 195 67
16 17 91
16 21 9
16 26 91
16 27 33
16 29 91
16 32 36
16 34 69
16 39 93
16 47 80
16 53 37
16 54 95
16 62 21
16 69 52
16 74 83
16 80 56
16 85 32
16 88 36
16 108 97
16 111 47
16 118 76
16 126 40
16 130 24
16 134 32
16 135 10
16 149 93
16 152 79
16 157 57
16 164 44
16 170 51
16 178 31
16 179 49
16 183 33
16 194 86
16 196 100
17 22 65
17 24 97
17 33 52
17 38 15
17 41 72
17 44 85
17 46 37
17 56 11
17 72 3
17 76 57
17 81 70
17 86 31
17 119 15
17 135 52
17 140 61
17 144 83
17 145 17
17 146 94
17 147 21
17 149 39
17 155 97
17 166 50
17 169 68
17 172 86
17 176 92
17 181 68
17 187 94
17 188 79
17 198 37
18 26 91
18 32 64
18 40 32
18 41 84
18 45 28
18 47 31
18 57 31
18 59 100
18 61 96
18 65 59
18 70 2
18 74 56
18 80 32
18 84 76
18 85 98
18 88 38
18 99 95
18 113 53
18 114 59
18 116 64
18 126 69
18 127 65
18 133 59
18 134 29
18 138 18
18 152 96
18 155 76
18 167 7
18 168 21
18 170 50
18 183 93
18 188 8
18 196 14
19 22 88
19 26 17
19 32 86
19 40 94
19 47 29
19 48 49
19 50 19
19 52 18
19 54 29
19 60 47
19 61 94
19 70 53
19 76 5
19 78 31
19 80 8
19 84 91
19 86 58
19 90 73
19 104 62
19 107 55
19 118 86
19 131 9
19 134 42
19 141 18
19 143 11
19 150 79
19 159 14
19 160 79
19 164 43
19 166 65
19 167 3
19 168 2
19 170 65
19 177 51
19 178 56
19 184 48
19 185 48
19 189 100
19 195 60
19 198 9
20 22 94
20 29 27
20 42 17
20 43 81
20 58 95
20 70 77
20 73 79
20 76 80
20 80 19
20 86 22
20 88 33
20 93 41
20 95 58
20 109 60
20 120 80
20 135 66
20 136 91
20 139 5
20 147 79
20 149 19
20 152 30
20 154 66
20 159 78
20 167 1
20 171 69
20 179 78
20 182 79
20 190 15
20 191 20
20 193 95
20 198 17
21 27 40
21 29 52
21 33 1
21 44 46
21 46 31
21 48 38
21 50 68
21 51 96
21 55 1
21 66 69
21 77 99
21 85 76
21 86 56
21 89 25
21 90 27
21 93 53
21 96 81
21 98 31
21 106 32
21 108 1
21 111 56
21 116 16
21 117 29
21 121 51
21 130 23
21 133 55
21 144 83
21 146 48
21 149 65
21 166 26
21 178 3
21 179 44
21 187 27
21 191 94
22 28 63
22 29 38
22 36 75
22 43 26
22 51 72
22 53 29
22 64 91
22 66 56
22 67 68
22 78 37
22 97 30
22 98 57
22 99 35
22 105 7
22 117 94
22 123 94
22 124 48
22 129 54
22 140 23
22 146 62
22 150 94
22 151 74
22 156 1
22 157 2
22 163 81
22 170 95
22 174 95
22 177 37
22 178 36
22 180 2
22 181 44
22 192 18
22 195 24
22 197 87
23 25 2
23 37 48
23 39 50
23 45 30
23 49 28
23 50 7
23 51 25
23 54 12
23 55 94
23 56 45
23 71 52
23 73 75
23 74 82
23 93 76
23 95 99
23 100 38
23 107 58
23 109 21
23 113 51
23 118 17
23 119 63
23 121 76
23 131 56
23 148 18
23 152 9
23 166 5
23 167 18
23 174 42
23 175 83
23 176 75
23 183 30
23 191 34
23 193 95
23 194 57
23 198 96
24 30 50
24 35 42
24 36 94
24 39 78
24 41 9
24 47 15
24 48 68
24 58 4
24 59 96
24 70 77
24 73 95
24 75 81
24 80 37
24 82 24
24 84 3
24 93 6
24 122 81
24 124 93
24 126 79
24 131 55
24 132 76
24 144 96
24 149 85
24 150 31
24 160 24
24 161 71
24 166 51
24 177 13
24 179 65
24 185 4
24 187 71
24 192 2
24 196 46
24 197 98
24 198 77
24 199 28
25 32 40
25 47 36
25 48 83
25 49 65
25 64 43
25 65 21
25 66 78
25 70 41
25 71 71
25 73 32
25 76 66
25 82 70
25 83 88
25 93 38
25 99 84
25 111 3
25 117 77
25 119 65
25 121 70
25 123 72
25 127 65
25 129 25
25 134 94
25 142 39
25 146 21
25 148 71
25 155 40
25 161 86
25 162 75
25 166 91
25 169 12
25 171 66
25 179 70
25 181 74
25 182 54
25 185 75
25 194 77
25 197 33
26 27 75
26 35 13
26 36 83
26 40 67
26 44 90
26 53 91
26 56 96
26 58 3
26 59 75
26 62 86
26 65 24
26 85 100
26 86 26
26 95 59
26 96 3
26 98 32
26 113 100
26 123 3
26 130 73
26 134 43
26 143 7
26 145 87
26 147 94
26 150 9
26 151 18
26 153 65
26 158 79
26 164 84
26 175 63
26 177 100
26 178 14
26 188 15
26 191 82
26 193 73
26 194 61
27 39 66
27 46 56
27 51 89
27 52 79
27 53 4
27 54 46
27 56 74
27 61 31
27 63 35
27 66 9
27 68 72
27 81 54
27 87 73
27 88 74
27 90 67
27 92 37
27 98 59
27 103 30
27 108 65
27 111 74
27 113 97
27 124 45
27 125 38
27 127 94
27 129 65
27 137 15
27 139 17
27 140 8
27 142 54
27 150 20
27 159 77
27 165 31
27 173 1
27 181 95
27 184 34
27 191 26
28 33 9
28 37 58
28 38 14
28 42 68
28 44 63
28 62 7
28 63 51
28 73 16
28 75 10
28 76 48
28 80 23
28 83 78
28 85 5
28 93 98
28 94 47
28 95 91
28 98 86
28 99 53
28 100 38
28 104 52
28 113 45
28 115 23
28 119 84
28 144 64
28 147 18
28 167 1
28 170 65
28 176 14
28 177 58
28 186 35
29 32 30
29 44 30
29 47 87
29 48 2
29 51 36
29 52 78
29 58 52
29 64 52
29 65 68
29 71 54
29 73 9
29 78 57
29 79 6
29 87 39
29 89 55
29 96 74
29 97 66
29 99 83
29 104 71
29 108 100
29 116 66
29 117 23
29 119 64
29 126 57
29 127 14
29 132 73
29 135 71
29 139 31
29 142 70
29 148 8
29 171 98
29 173 37
29 179 54
29 182 51
29 184 22
30 40 77
30 41 87
30 42 99
30 43 58
30 52 8
30 61 92
30 69 87
30 71 32
30 80 31
30 81 29
30 100 54
30 103 21
30 113 57
30 121 89
30 129 54
30 132 20
30 137 5
30 140 15
30 142 5
30 145 43
30 148 53
30 151 7
30 155 59
30 157 86
30 158 71
30 160 34
30 181 44
30 184 15
30 191 46
30 192 52
30 193 12
31 34 75
31 37 77
31 40 91
31 42 37
31 47 21
31 48 61
31 51 98
31 52 5
31 55 40
31 62 54
31 76 4
31 81 27
31 85 27
31 95 5
31 111 18
31 114 5
31 122 8
31 126 98
31 127 33
31 137 23
31 138 61
31 142 83
31 144 79
31 145 95
31 146 62
31 159 61
31 171 61
31 175 25
31 179 97
31 180 24
31 181 66
31 190 83
31 197 73
32 34 66
32 54 5
32 55 42
32 56 44
32 59 11
32 62 4
32 63 23
32 64 56
32 65 76
32 68 79
32 82 40
32 86 74
32 101 46
32 104 35
32 108 89
32 114 6
32 117 38
32 118 25
32 127 74
32 129 9
32 131 51
32 138 14
32 149 34
32 151 29
32 164 36
32 168 20
32 170 19
32 172 4
32 175 78
32 176 82
32 177 23
32 179 85
32 186 83
32 189 78
32 190 80
32 192 69
33 40 100
33 45 30
33 48 69
33 49 57
33 54 92
33 55 54
33 56 76
33 57 46
33 59 91
33 63 30
33 64 69
33 73 1
33 80 47
33 84 94
33 88 15
33 90 91
33 94 27
33 98 98
33 111 4
33 115 5
33 121 2
33 124 9
33 133 82
33 136 42
33 141 66
33 142 94
33 144 81
33 155 14
33 161 78
33 162 81
33 177 1
33 181 76
33 185 57
33 196 44
33 197 68
34 37 29
34 41 93
34 48 65
34 49 57
34 55 66
34 57 4
34 67 82
34 69 58
34 71 93
34 72 46
34 75 96
34 81 29
34 82 52
34 85 11
34 90 61
34 95 31
34 103 56
34 114 66
34 115 71
34 118 44
34 124 11
34 141 28
34 150 97
34 171 35
34 175 32
34 181 92
34 186 83
34 196 31
34 197 96
34 198 90
35 37 55
35 38 65
35 39 78
35 42 11
35 44 86
35 51 72
35 56 46
35 58 84
35 64 77
35 74 58
35 75 16
35 77 55
35 78 75
35 82 86
35 90 16
35 98 44
35 108 66
35 113 42
35 118 92
35 119 69
35 122 59
35 123 59
35 142 98
35 147 84
35 165 72
35 166 36
35 169 86
35 171 99
35 173 26
35 174 61
35 175 13
35 183 43
35 189 30
35 199 81
36 44 99
36 48 95
36 59 18
36 63 50
36 67 18
36 71 66
36 81 49
36 84 8
36 94 69
36 97 23
36 110 55
36 111 80
36 118 38
36 147 36
36 148 26
36 154 49
36 158 87
36 162 6
36 166 99
36 170 5
36 172 10
36 177 66
36 178 38
36 179 42
36 181 32
36 182 61
36 187 66
37 38 36
37 45 22
37 59 16
37 61 47
37 64 12
37 78 61
37 83 26
37 84 41
37 85 79
37 91 3
37 94 89
37 95 26
37 97 51
37 99 79
37 110 35
37 113 98
37 121 55
37 123 16
37 124 47
37 125 38
37 130 46
37 131 75
37 166 41
37 174 81
37 177 11
37 178 31
37 189 58
37 193 10
37 196 35
38 43 2
38 51 8
38 53 68
38 59 49
38 61 39
38 68 24
38 70 32
38 71 63
38 76 77
38 90 100
38 96 14
38 101 12
38 104 44
38 110 89
38 116 89
38 120 56
38 123 9
38 124 11
38 129 83
38 131 4
38 142 13
38 147 43
38 154 81
38 167 91
38 169 41
38 175 95
38 176 39
38 184 94
38 189 2
38 190 79
38 192 41
39 45 83
39 54 52
39 55 87
39 56 34
39 59 14
39 62 66
39 63 43
39 72 71
39 73 57
39 79 15
39 80 45
39 82 65
39 86 52
39 93 46
39 94 65
39 95 99
39 108 78
39 111 100
39 122 62
39 125 87
39 126 60
39 139 87
39 142 27
39 144 58
39 146 45
39 156 84
39 159 93
39 160 2
39 165 61
39 175 91
39 176 35
39 179 43
39 187 57
39 188 14
39 194 82
40 47 99
40 57 5
40 61 85
40 71 47
40 73 58
40 75 88
40 84 61
40 91 78
40 96 69
40 98 65
40 102 92
40 108 83
40 113 6
40 121 33
40 122 15
40 124 19
40 127 48
40 128 58
40 140 84
40 154 9
40 159 63
40 164 2
40 165 58
40 167 99
40 170 71
40 174 50
40 175 97
40 187 76
40 192 86
40 198 85
41 43 20
41 50 58
41 55 45
41 60 75
41 63 37
41 76 44
41 78 93
41 80 77
41 83 16
41 88 17
41 95 58
41 105 32
41 116 31
41 130 82
41 139 52
41 140 98
41 146 10
41 148 44
41 151 21
41 157 53
41 159 70
41 160 62
41 165 26
41 170 21
41 174 4
41 176 16
41 179 18
41 181 11
41 185 72
41 187 87
41 190 10
41 194 63
41 199 77
42 45 30
42 49 23
42 53 64
42 59 45
42 67 76
42 77 57
42 78 52
42 83 47
42 91 89
42 93 61
42 100 8
42 103 46
42 104 8
42 105 13
42 108 72
42 116 51
42 120 83
42 123 75
42 124 57
42 128 12
42 135 90
42 136 91
42 137 3
42 144 18
42 145 82
42 146 57
42 155 4
42 160 47
42 161 73
42 162 7
42 163 25
42 166 52
42 167 34
42 168 51
42 173 73
42 175 12
42 178 38
42 179 59
42 180 71
42 192 83
42 193 75
42 194 91
42 195 35
42 197 58
43 49 52
43 60 93
43 61 17
43 63 2
43 66 39
43 69 22
43 73 56
43 79 22
43 83 93
43 87 58
43 95 71
43 100 14
43 102 1
43 107 75
43 110 8
43 117 68
43 118 22
43 121 31
43 125 39
43 127 42
43 129 82
43 131 31
43 133 29
43 138 88
43 140 81
43 143 77
43 147 28
43 150 33
43 152 14
43 159 8
43 166 41
43 168 65
43 171 65
43 172 62
43 177 4
43 179 81
43 181 3
43 195 22
43 196 80
44 67 43
44 81 3
44 83 25
44 86 56
44 96 85
44 97 7
44 100 81
44 103 30
44 109 55
44 110 100
44 112 14
44 118 91
44 119 91
44 126 71
44 127 83
44 135 94
44 137 14
44 147 62
44 149 76
44 159 40
44 173 1
44 182 55
44 193 76
44 195 83
45 52 98
45 53 58
45 55 97
45 58 64
45 59 57
45 67 89
45 71 16
45 74 52
45 79 9
45 80 39
45 88 49
45 96 68
45 101 63
45 106 57
45 109 64
45 110 33
45 120 21
45 124 60
45 134 56
45 136 1
45 137 7
45 149 70
45 150 52
45 155 5
45 162 39
45 167 75
45 169 67
45 187 63
45 190 13
46 47 39
46 48 95
46 49 58
46 59 61
46 63 57
46 68 43
46 69 71
46 70 73
46 71 37
46 74 44
46 75 58
46 81 56
46 87 52
46 91 37
46 94 100
46 101 22
46 102 84
46 115 64
46 116 68
46 118 16
46 128 70
46 132 82
46 133 19
46 136 92
46 137 80
46 140 16
46 142 30
46 144 99
46 149 89
46 163 91
46 164 43
46 167 8
46 168 76
46 175 32
46 184 81
46 198 12
47 49 63
47 56 25
47 57 67
47 61 56
47 74 98
47 75 28
47 76 91
47 78 61
47 82 98
47 83 53
47 84 17
47 88 96
47 90 57
47 93 88
47 95 44
47 96 80
47 101 99
47 105 78
47 110 44
47 114 95
47 121 90
47 131 96
47 137 46
47 164 99
47 172 28
47 179 12
47 187 13
47 191 69
47 193 82
47 195 87
48 53 79
48 63 21
48 66 95
48 70 59
48 74 83
48 79 36
48 85 73
48 90 93
48 100 98
48 102 70
48 103 63
48 105 96
48 109 84
48 114 44
48 119 1
48 127 1
48 134 19
48 140 63
48 142 88
48 144 5
48 149 82
48 152 83
48 156 75
48 165 16
48 174 48
48 180 7
48 181 5
48 187 5
48 189 12
48 191 67
48 199 9
49 53 75
49 54 5
49 64 44
49 72 13
49 80 25
49 81 36
49 88 56
49 92 28
49 103 46
49 117 24
49 119 46
49 121 31
49 123 4
49 125 12
49 128 52
49 142 34
49 143 82
49 162 84
49 163 32
49 165 74
49 170 20
49 173 27
49 174 91
49 187 18
49 190 63
49 196 10
49 197 88
49 198 77
50 53 55
50 71 56
50 74 3
50 77 53
50 85 18
50 95 66
50 98 43
50 101 29
50 103 86
50 106 32
50 109 66
50 110 19
50 112 67
50 115 58
50 119 72
50 127 81
50 131 53
50 142 90
50 145 76
50 153 67
50 165 83
50 170 15
50 172 37
50 173 21
50 175 36
50 178 15
50 183 2
50 185 15
50 192 12
50 193 92
50 197 60
50 199 44
51 52 21
51 53 23
51 63 17
51 69 67
51 70 90
51 75 28
51 76 31
51 82 15
51 83 5
51 86 8
51 90 95
51 91 69
51 94 42
51 100 50
51 105 74
51 107 42
51 126 98
51 130 19
51 154 5
51 159 41
51 161 77
51 167 54
51 178 62
51 186 68
51 188 80
51 199 44
52 58 12
52 68 40
52 74 34
52 79 15
52 84 82
52 85 43
52 86 97
52 102 66
52 109 78
52 115 34
52 116 69
52 123 66
52 130 49
52 150 97
52 161 5
52 165 68
52 178 76
52 179 73
52 188 64
52 189 10
52 197 90
52 199 93
53 58 36
53 62 31
53 64 2
53 70 81
53 71 47
53 78 48
53 79 52
53 81 48
53 88 89
53 96 76
53 98 28
53 111 10
53 118 32
53 119 77
53 121 94
53 125 84
53 126 92
53 135 67
53 139 40
53 147 98
53 148 51
53 154 95
53 158 28
53 159 77
53 164 20
53 170 61
53 173 99
53 183 30
53 185 55
53 191 48
53 194 9
53 197 38
54 60 35
54 65 8
54 71 62
54 78 76
54 80 3
54 88 13
54 92 77
54 96 68
54 114 75
54 118 16
54 127 4
54 131 89
54 133 94
54 134 61
54 135 41
54 142 14
54 145 78
54 151 40
54 152 66
54 155 72
54 157 62
54 163 63
54 166 69
54 167 70
54 170 88
54 171 94
54 172 22
54 173 84
54 181 28
54 188 83
54 192 4
54 193 88
54 198 99
54 199 8
55 56 15
55 60 86
55 64 73
55 66 6
55 73 46
55 74 33
55 75 12
55 79 53
55 96 99
55 99 91
55 111 69
55 115 33
55 126 40
55 143 11
55 164 1
55 175 46
55 176 82
55 181 81
55 194 57
55 198 66
56 70 89
56 86 38
56 101 46
56 103 99
56 111 66
56 115 39
56 119 50
56 129 92
56 135 23
56 141 10
56 145 33
56 147 38
56 151 81
56 152 79
56 155 97
56 165 29
56 174 81
56 183 15
56 188 54
56 192 35
56 193 40
56 195 41
57 60 29
57 61 18
57 78 19
57 79 32
57 86 61
57 90 44
57 93 73
57 95 74
57 96 89
57 97 37
57 100 75
57 104 99
57 113 23
57 120 72
57 134 73
57 144 10
57 146 90
57 156 40
57 161 55
57 163 81
57 165 94
57 168 77
57 173 34
57 186 32
57 194 86
57 197 23
58 60 52
58 61 72
58 64 45
58 65 28
58 67 4
58 70 92
58 71 39
58 73 8
58 74 72
58 80 50
58 89 65
58 97 85
58 101 8
58 106 84
58 112 40
58 120 17
58 130 94
58 132 95
58 133 37
58 139 26
58 143 51
58 144 63
58 148 56
58 151 5
58 173 70
58 174 33
58 176 67
58 185 24
58 188 90
58 191 32
58 192 50
58 193 77
58 198 68
59 63 50
59 66 81
59 68 20
59 77 84
59 79 40
59 82 8
59 97 39
59 99 82
59 105 67
59 109 59
59 111 27
59 113 40
59 116 61
59 121 87
59 123 34
59 132 78
59 137 12
59 140 38
59 141 53
59 143 13
59 144 20
59 155 99
59 168 83
59 176 91
59 179 55
59 186 91
60 66 35
60 71 5
60 72 70
60 80 76
60 82 79
60 85 67
60 94 87
60 97 46
60 99 55
60 117 95
60 120 75
60 122 82
60 128 56
60 135 86
60 137 96
60 139 79
60 142 23
60 143 47
60 146 52
60 154 50
60 162 91
60 171 30
60 178 5
60 180 92
60 182 49
60 184 47
60 188 80
60 192 29
60 195 17
60 198 75
61 69 5
61 79 31
61 83 44
61 84 66
61 86 58
61 87 94
61 90 45
61 91 12
61 94 61
61 97 11
61 123 47
61 129 84
61 131 23
61 135 93
61 139 14
61 143 77
61 153 77
61 157 60
61 168 47
61 173 72
61 182 23
61 185 20
61 188 33
61 189 85
61 192 39
61 193 32
61 194 8
61 195 36
61 197 16
62 63 66
62 70 48
62 73 42
62 81 23
62 89 13
62 91 33
62 95 84
62 102 56
62 120 76
62 126 56
62 128 98
62 140 16
62 146 38
62 147 31
62 149 28
62 162 33
62 167 2
62 168 6
62 178 77
62 189 12
62 190 85
62 198 98
63 71 24
63 74 30
63 78 23
63 84 21
63 88 37
63 89 38
63 91 59
63 92 84
63 93 24
63 97 51
63 101 28
63 107 42
63 112 77
63 115 41
63 118 1
63 129 31
63 130 78
63 131 2
63 140 5
63 158 7
63 163 16
63 165 37
63 167 8
63 181 15
63 183 41
63 185 21
63 189 31
63 190 27
63 193 47
63 195 62
63 198 64
63 199 49
64 65 74
64 71 65
64 77 100
64 82 1
64 85 22
64 86 15
64 87 27
64 93 78
64 100 99
64 103 42
64 105 42
64 107 45
64 108 11
64 109 42
64 112 50
64 116 40
64 118 52
64 120 30
64 135 31
64 145 5
64 153 98
64 155 87
64 170 29
64 173 40
64 176 99
64 178 21
64 182 29
64 184 47
64 197 37
64 198 89
65 69 55
65 70 14
65 75 9
65 85 13
65 87 46
65 92 33
65 96 37
65 97 39
65 105 64
65 111 87
65 113 81
65 125 61
65 130 1
65 132 52
65 135 15
65 137 11
65 141 92
65 146 3
65 147 30
65 150 19
65 156 85
65 169 27
65 172 5
65 175 58
65 177 45
65 178 29
65 179 81
65 185 42
65 191 69
65 195 20
65 196 98
66 68 5
66 71 96
66 83 19
66 97 62
66 103 67
66 104 39
66 106 79
66 114 95
66 123 88
66 124 60
66 129 22
66 131 60
66 137 17
66 143 97
66 153 44
66 155 92
66 156 75
66 157 92
66 164 61
66 169 91
66 180 87
66 181 71
66 184 84
66 186 7
66 189 59
66 190 7
66 193 72
66 195 79
67 72 50
67 73 88
67 78 94
67 81 65
67 90 29
67 92 57
67 95 47
67 105 12
67 115 61
67 124 71
67 126 71
67 131 38
67 142 77
67 149 93
67 160 45
67 163 89
67 165 6
67 174 83
67 179 94
67 188 58
68 69 75
68 88 35
68 95 52
68 99 8
68 105 52
68 110 100
68 112 11
68 133 17
68 136 39
68 139 41
68 144 99
68 148 70
68 150 19
68 152 69
68 162 48
68 165 27
68 173 68
68 178 27
68 179 36
68 182 34
68 188 2
69 71 100
69 73 3
69 79 25
69 81 34
69 82 60
69 106 23
69 121 68
69 132 74
69 133 66
69 135 54
69 138 28
69 139 26
69 142 92
69 146 1
69 152 12
69 158 49
69 159 3
69 169 44
69 171 20
69 173 99
69 177 45
69 181 65
69 182 98
69 183 11
69 184 44
69 185 78
69 189 99
69 192 58
69 196 23
69 197 56
70 74 13
70 75 30
70 95 72
70 99 95
70 100 98
70 102 89
70 104 4
70 107 4
70 110 56
70 111 9
70 115 66
70 118 68
70 122 83
70 127 29
70 134 99
70 136 99
70 141 37
70 156 99
70 162 15
70 164 74
70 175 60
70 196 76
70 197 62
71 86 79
71 93 72
71 95 93
71 99 78
71 101 25
71 104 37
71 105 88
71 110 77
71 117 74
71 119 26
71 123 67
71 134 15
71 136 53
71 142 71
71 153 45
71 156 8
71 159 33
71 162 52
71 165 20
71 170 38
71 184 17
71 191 97
71 193 19
71 197 97
72 78 24
72 81 51
72 86 39
72 101 34
72 102 86
72 103 78
72 109 42
72 116 97
72 124 32
72 126 65
72 132 59
72 138 56
72 139 39
72 149 25
72 155 45
72 156 32
72 157 43
72 172 6
72 173 57
72 174 36
72 175 29
72 182 99
72 188 99
72 191 37
72 193 6
72 196 67
73 75 37
73 85 50
73 90 35
73 91 95
73 116 77
73 140 45
73 152 88
73 156 45
73 158 25
73 163 41
73 169 97
73 173 44
73 175 49
73 180 98
73 183 48
73 184 9
73 187 58
73 189 15
73 191 20
73 193 16
74 82 29
74 91 78
74 94 38
74 96 83
74 97 97
74 100 42
74 106 66
74 114 76
74 117 92
74 122 38
74 124 19
74 125 69
74 130 34
74 137 80
74 139 39
74 148 33
74 151 52
74 158 71
74 161 8
74 162 85
74 164 32
74 168 82
74 179 77
74 185 94
74 188 45
74 189 44
74 190 94
74 191 83
74 194 32
75 78 31
75 81 64
75 90 86
75 92 44
75 93 43
75 98 33
75 99 2
75 101 48
75 102 89
75 113 64
75 114 90
75 116 93
75 119 70
75 124 90
75 130 42
75 131 52
75 133 82
75 134 8
75 135 93
75 136 55
75 141 51
75 145 54
75 148 1
75 152 13
75 160 16
75 177 6
75 194 79
75 198 88
75 199 31
76 78 94
76 82 36
76 90 32
76 92 44
76 95 45
76 96 76
76 97 90
76 100 71
76 102 56
76 110 13
76 111 23
76 114 53
76 115 96
76 142 88
76 143 37
76 148 70
76 153 38
76 165 96
76 172 3
76 178 21
76 184 58
76 190 76
76 196 14
77 78 29
77 83 42
77 84 55
77 85 18
77 86 93
77 88 5
77 89 17
77 90 18
77 91 76
77 96 15
77 106 56
77 107 20
77 108 62
77 113 29
77 117 59
77 123 30
77 125 30
77 128 84
77 130 92
77 132 92
77 138 35
77 145 87
77 148 68
77 166 3
77 167 31
77 176 92
77 179 15
77 180 80
77 192 93
78 82 57
78 88 46
78 94 11
78 96 38
78 99 77
78 122 72
78 124 79
78 128 90
78 134 78
78 136 2
78 138 6
78 139 20
78 142 23
78 145 68
78 149 63
78 152 50
78 156 46
78 161 26
78 163 72
78 164 22
78 175 35
78 182 63
78 193 35
79 101 68
79 104 79
79 106 10
79 107 38
79 109 40
79 110 89
79 116 25
79 117 22
79 118 16
79 119 50
79 121 25
79 125 72
79 126 47
79 135 25
79 138 3
79 144 92
79 150 61
79 155 24
79 158 47
79 168 30
79 176 75
79 179 4
79 181 4
79 196 35
79 197 18
80 83 90
80 85 46
80 99 90
80 104 72
80 124 90
80 125 5
80 134 15
80 135 26
80 137 45
80 143 51
80 145 47
80 149 37
80 155 72
80 156 6
80 166 70
80 169 26
80 172 56
80 182 15
80 190 39
80 192 79
80 194 62
81 82 54
81 83 56
81 86 60
81 88 43
81 96 44
81 105 96
81 111 86
81 116 20
81 118 55
81 122 76
81 132 48
81 136 29
81 145 89
81 148 85
81 149 31
81 159 86
81 163 68
81 168 59
81 169 92
81 174 24
81 175 71
81 178 95
81 183 91
81 193 82
81 197 66
82 83 29
82 84 92
82 85 66
82 88 50
82 90 27
82 91 72
82 93 49
82 106 98
82 124 81
82 129 64
82 130 18
82 139 99
82 140 94
82 142 37
82 155 53
82 156 80
82 157 40
82 158 100
82 162 64
82 166 7
82 167 9
82 170 92
82 177 52
82 178 7
82 184 81
82 187 47
82 192 41
82 194 41
83 90 67
83 91 92
83 93 47
83 101 42
83 114 57
83 116 86
83 119 73
83 125 67
83 127 94
83 128 10
83 129 24
83 132 33
83 134 80
83 135 2
83 138 14
83 139 29
83 142 93
83 148 29
83 151 18
83 158 68
83 168 93
83 172 1
83 176 14
83 178 48
83 179 91
83 184 2
83 188 86
83 193 17
83 194 50
83 196 26
83 199 36
84 85 91
84 87 81
84 88 41
84 95 59
84 99 4
84 104 91
84 107 90
84 121 24
84 126 14
84 132 5
84 133 66
84 136 76
84 141 59
84 151 31
84 154 8
84 155 75
84 157 27
84 159 55
84 171 3
84 191 32
84 196 73
85 89 89
85 101 19
85 102 35
85 104 31
85 105 34
85 110 1
85 113 94
85 115 46
85 117 84
85 119 98
85 131 43
85 132 26
85 133 26
85 135 78
85 147 97
85 150 40
85 152 5
85 153 58
85 154 29
85 156 44
85 170 37
85 173 71
85 175 6
85 187 32
85 194 30
86 88 29
86 89 57
86 92 98
86 95 76
86 97 87
86 99 25
86 100 5
86 101 55
86 110 35
86 111 46
86 114 5
86 116 17
86 118 78
86 123 2
86 124 2
86 129 95
86 134 93
86 135 72
86 138 16
86 148 26
86 152 49
86 153 11
86 154 20
86 157 47
86 162 25
86 164 83
86 171 52
86 172 28
86 181 86
86 183 23
86 186 47
87 88 24
87 89 5
87 90 68
87 93 42
87 96 61
87 99 30
87 104 87
87 112 28
87 113 100
87 115 90
87 125 31
87 131 88
87 132 51
87 136 25
87 146 51
87 148 58
87 155 99
87 168 26
87 172 29
87 176 41
87 178 72
87 181 83
87 184 80
87 187 55
87 188 4
87 191 52
87 195 18
87 196 87
87 197 86
87 198 30
88 91 4
88 92 90
88 100 89
88 107 24
88 108 60
88 109 66
88 111 31
88 114 7
88 119 24
88 128 23
88 135 6
88 147 94
88 159 46
88 160 41
88 162 90
88 163 37
88 168 88
88 170 18
88 172 22
88 180 68
88 181 90
88 182 47
88 189 90
88 199 95
89 93 95
89 94 73
89 109 1
89 110 86
89 115 55
89 125 7
89 141 17
89 146 89
89 154 70
89 155 95
89 157 62
89 167 52
89 174 60
89 175 17
89 177 27
90 91 90
90 101 78
90 111 3
90 114 46
90 117 86
90 120 29
90 122 49
90 129 100
90 130 36
90 134 14
90 135 45
90 137 79
90 138 26
90 146 1
90 162 16
90 163 82
90 166 91
90 167 78
90 173 48
90 178 15
90 179 80
90 181 31
90 182 30
90 183 74
90 188 61
90 190 69
90 197 54
90 199 63
91 95 85
91 96 47
91 97 25
91 99 7
91 102 14
91 103 54
91 122 38
91 123 84
91 138 73
91 142 34
91 150 45
91 156 11
91 158 24
91 166 2
91 170 1
91 182 84
91 185 54
91 186 2
92 98 97
92 106 47
92 112 90
92 113 54
92 116 36
92 117 65
92 123 82
92 124 99
92 128 98
92 130 21
92 140 57
92 147 34
92 160 33
92 162 64
92 164 1
92 166 2
92 170 69
92 179 44
92 181 89
92 195 52
93 94 73
93 100 55
93 105 32
93 106 60
93 108 16
93 109 2
93 119 45
93 133 36
93 134 17
93 136 96
93 137 11
93 144 8
93 145 87
93 146 32
93 169 15
93 178 83
93 183 32
93 186 38
94 100 22
94 103 48
94 116 98
94 119 51
94 122 23
94 124 34
94 130 66
94 131 73
94 136 5
94 141 79
94 143 92
94 146 53
94 148 98
94 149 84
94 151 19
94 153 35
94 157 29
94 163 29
94 177 56
94 178 34
94 180 95
94 183 34
94 188 83
95 97 42
95 108 29
95 113 13
95 118 88
95 121 59
95 124 86
95 125 18
95 128 83
95 131 54
95 132 2
95 133 19
95 140 54
95 159 82
95 160 90
95 163 45
95 165 35
95 167 98
95 168 56
95 177 80
95 184 3
95 188 82
95 191 9
95 197 50
96 105 81
96 106 84
96 113 47
96 116 12
96 120 5
96 121 6
96 132 98
96 136 80
96 137 57
96 139 36
96 140 38
96 150 20
96 153 38
96 154 11
96 155 43
96 164 28
96 167 25
96 169 72
96 178 85
96 181 100
96 185 37
96 198 30
96 199 59
97 101 71
97 103 14
97 105 5
97 106 41
97 110 23
97 116 46
97 121 32
97 127 63
97 132 62
97 141 28
97 143 98
97 145 4
97 146 50
97 152 57
97 156 76
97 164 39
97 170 38
97 173 54
97 174 73
97 178 9
97 180 75
97 197 27
98 104 85
98 111 97
98 113 37
98 118 99
98 120 12
98 123 21
98 124 92
98 127 68
98 134 52
98 144 90
98 145 100
98 147 15
98 152 52
98 153 70
98 155 91
98 157 11
98 161 39
98 163 55
98 171 91
98 174 22
98 189 50
98 193 64
98 197 79
98 198 16
98 199 55
99 104 65
99 105 43
99 107 55
99 110 76
99 117 30
99 126 7
99 130 40
99 135 34
99 141 46
99 148 4
99 150 50
99 152 51
99 159 30
99 171 13
99 173 79
99 178 41
99 186 42
99 187 5
100 104 97
100 105 99
100 115 39
100 117 67
100 125 96
100 126 58
100 127 85
100 135 52
100 147 59
100 166 22
100 168 14
100 169 14
100 172 29
100 184 96
100 185 82
100 187 39
100 195 29
101 102 70
101 103 89
101 111 8
101 118 49
101 122 37
101 126 32
101 135 56
101 141 74
101 146 38
101 150 77
101 161 87
101 166 80
101 171 65
101 176 12
101 177 30
101 179 10
101 189 47
101 190 92
102 110 96
102 112 78
102 119 75
102 122 54
102 123 57
102 124 28
102 133 53
102 136 19
102 151 17
102 156 71
102 168 44
102 170 65
102 174 13
102 175 58
102 179 47
102 181 22
102 189 48
102 195 95
102 196 44
102 197 11
102 199 53
103 104 98
103 105 97
103 110 81
103 123 96
103 134 52
103 146 6
103 158 49
103 159 47
103 166 26
103 167 21
103 173 79
103 175 6
103 178 34
103 188 61
103 194 43
104 107 5
104 110 65
104 114 98
104 119 71
104 126 2
104 145 87
104 147 52
104 149 54
104 152 77
104 156 53
104 160 88
104 172 5
104 183 99
104 188 8
105 109 46
105 110 49
105 140 36
105 141 16
105 143 62
105 144 6
105 155 42
105 164 10
105 166 88
105 183 22
105 192 17
105 193 14
105 196 15
106 110 24
106 116 30
106 117 87
106 121 28
106 126 86
106 129 90
106 139 97
106 140 71
106 141 45
106 145 5
106 146 44
106 148 22
106 158 77
106 163 12
106 169 98
106 170 92
106 172 88
106 178 5
106 187 53
106 197 48
107 108 51
107 110 48
107 122 18
107 124 20
107 130 93
107 131 50
107 138 94
107 139 10
107 147 54
107 151 65
107 155 44
107 158 85
107 161 50
107 165 46
107 170 61
107 171 95
107 172 73
107 177 39
107 186 66
107 193 29
107 196 41
107 199 41
108 113 85
108 115 2
108 117 36
108 124 44
108 132 81
108 139 4
108 146 37
108 150 97
108 152 80
108 153 64
108 154 14
108 159 35
108 167 27
108 169 65
108 171 15
108 172 46
108 173 31
108 178 25
108 189 86
108 196 90
109 116 87
109 119 10
109 120 71
109 121 19
109 122 84
109 125 60
109 127 11
109 128 84
109 137 22
109 139 49
109 141 12
109 147 31
109 150 16
109 157 23
109 162 69
109 172 55
109 180 10
109 184 6
109 191 27
109 193 76
110 111 42
110 117 76
110 118 49
110 121 95
110 128 18
110 131 4
110 135 27
110 146 80
110 152 67
110 154 15
110 158 20
110 168 6
110 171 85
110 172 82
110 178 11
110 187 37
110 189 37
110 194 76
111 112 11
111 119 100
111 122 3
111 123 62
111 124 16
111 126 2
111 129 56
111 131 42
111 179 65
111 180 48
111 192 77
112 120 29
112 126 43
112 128 76
112 131 90
112 133 11
112 134 47
112 136 44
112 137 88
112 141 15
112 142 29
112 145 98
112 147 13
112 149 53
112 156 55
112 162 69
112 172 51
112 175 29
112 176 54
112 179 33
112 187 23
112 190 78
112 198 23
113 119 95
113 124 91
113 127 42
113 134 10
113 136 96
113 137 51
113 140 73
113 141 97
113 162 78
113 164 76
113 166 46
113 171 90
113 185 8
113 186 75
113 193 19
113 196 21
114 118 69
114 126 50
114 130 16
114 132 38
114 136 17
114 140 84
114 150 11
114 152 75
114 154 92
114 163 98
114 166 38
114 168 27
114 169 70
114 175 49
114 176 71
114 188 65
114 189 65
114 190 89
114 194 46
114 196 35
115 124 25
115 127 91
115 130 51
115 137 65
115 139 41
115 142 12
115 146 55
115 150 6
115 158 37
115 162 93
115 167 26
115 172 15
115 182 82
116 128 63
116 133 50
116 137 37
116 138 6
116 139 26
116 140 73
116 141 67
116 147 37
116 148 5
116 151 58
116 153 17
116 155 89
116 161 84
116 171 40
116 172 66
116 174 100
116 176 49
116 179 76
116 185 91
116 186 16
116 187 67
116 190 23
116 194 28
116 195 82
116 196 18
117 118 89
117 123 93
117 132 84
117 140 48
117 145 97
117 155 11
117 170 66
117 173 61
117 186 39
117 187 71
117 198 89
118 121 28
118 129 66
118 132 31
118 139 16
118 140 16
118 147 7
118 150 79
118 155 41
118 161 21
118 166 34
118 167 99
118 168 17
118 169 1
118 178 1
118 183 63
118 185 69
118 187 76
118 192 11
119 122 74
119 124 26
119 129 17
119 143 60
119 154 63
119 164 78
119 167 76
119 176 5
119 186 100
119 188 73
119 191 48
119 194 42
119 195 74
119 197 43
120 129 14
120 135 15
120 138 77
120 149 53
120 151 73
120 155 30
120 157 20
120 158 79
120 160 42
120 163 9
120 172 5
120 173 20
120 175 14
120 177 33
120 179 74
120 186 34
120 190 70
120 191 53
120 198 68
121 128 73
121 151 97
121 156 72
121 162 73
121 177 1
121 187 81
121 188 58
121 193 55
121 194 50
121 199 69
122 127 64
122 135 97
122 140 98
122 146 6
122 154 25
122 155 9
122 170 31
122 173 5
122 180 76
122 181 88
122 186 11
122 197 54
123 124 42
123 127 14
123 129 7
123 142 5
123 147 88
123 148 65
123 151 23
123 155 33
123 162 14
123 165 63
123 167 85
123 170 27
123 171 48
123 177 12
123 180 57
123 182 62
123 183 46
123 185 98
123 188 33
123 192 3
123 196 30
124 125 82
124 128 74
124 132 84
124 136 85
124 144 27
124 146 34
124 148 55
124 149 68
124 163 29
124 169 47
124 170 62
124 171 46
124 174 33
124 178 37
124 181 100
124 188 83
124 193 34
124 194 32
125 153 22
125 158 5
125 163 74
125 167 52
125 173 69
125 174 38
125 191 19
125 195 43
125 197 89
126 127 43
126 134 74
126 135 40
126 143 75
126 150 79
126 152 19
126 156 91
126 160 28
126 161 63
126 168 9
126 172 58
126 173 60
126 178 20
126 181 71
127 134 72
127 143 11
127 150 11
127 153 42
127 157 69
127 159 52
127 168 43
127 172 47
127 176 60
127 177 50
127 182 44
127 184 74
127 186 84
127 191 50
127 195 64
128 130 6
128 131 37
128 132 57
128 139 3
128 142 41
128 167 59
128 169 92
128 170 71
128 171 24
128 177 26
128 179 95
128 180 38
128 183 2
128 194 67
128 199 35
129 130 48
129 140 84
129 155 76
129 157 49
129 163 65
129 177 77
129 182 81
129 185 93
129 192 9
129 194 92
129 196 83
130 132 99
130 135 66
130 136 33
130 137 31
130 139 33
130 140 70
130 145 32
130 147 21
130 150 8
130 159 4
130 165 30
130 167 5
130 172 38
130 174 5
130 175 66
130 180 91
130 183 11
130 196 88
131 132 7
131 137 1
131 140 100
131 147 14
131 149 48
131 151 47
131 157 85
131 161 19
131 176 73
131 185 62
131 188 42
131 189 26
131 193 26
131 195 13
131 198 46
132 139 37
132 142 33
132 145 72
132 149 32
132 156 54
132 157 76
132 163 20
132 174 17
132 181 94
132 182 38
132 186 18
133 135 21
133 136 59
133 145 38
133 149 96
133 177 61
133 181 57
133 182 75
133 184 22
133 188 89
133 189 97
133 195 68
133 198 38
134 145 59
134 151 70
134 160 99
134 164 61
134 168 60
134 171 86
134 173 20
134 174 84
134 175 56
134 181 1
134 188 14
134 190 59
134 196 79
134 197 31
135 136 59
135 142 73
135 143 36
135 153 83
135 158 27
135 172 87
135 174 71
135 177 2
135 182 76
135 184 42
136 152 49
136 153 57
136 154 65
136 156 65
136 161 35
136 162 75
136 166 42
136 171 69
136 181 4
136 182 34
136 184 10
136 188 83
136 191 63
136 193 25
136 194 33
137 139 37
137 140 98
137 142 90
137 143 12
137 145 15
137 153 25
137 164 79
137 168 56
137 172 99
137 176 63
137 180 28
137 190 2
137 192 66
138 157 36
138 161 57
138 167 32
138 170 73
138 173 85
138 182 15
138 192 47
138 195 40
139 142 45
139 147 100
139 152 30
139 154 4
139 170 65
139 174 85
139 175 98
139 177 22
139 178 63
139 179 87
139 180 54
139 185 91
139 186 4
139 192 20
139 196 89
140 143 65
140 146 26
140 152 44
140 156 24
140 157 27
140 159 68
140 162 41
140 164 32
140 165 70
140 177 59
140 186 65
140 190 76
140 195 8
140 196 69
141 145 22
141 148 90
141 149 90
141 154 62
141 156 49
141 160 55
141 163 43
141 168 12
141 170 42
141 171 78
141 173 3
141 174 24
141 178 32
141 183 100
141 187 98
141 188 2
141 190 93
141 191 15
142 145 80
142 148 10
142 151 29
142 152 50
142 154 19
142 165 32
142 167 2
142 170 97
142 175 28
142 179 16
142 181 5
142 192 55
142 195 67
142 199 79
143 156 85
143 161 38
143 163 49
143 165 58
143 168 70
143 171 54
143 173 74
143 191 18
143 193 93
143 198 100
144 145 5
144 149 53
144 150 3
144 155 76
144 158 32
144 162 13
144 167 60
144 170 71
144 173 73
144 174 76
144 179 92
144 190 75
144 191 38
144 193 24
144 197 47
145 155 58
145 162 54
145 171 38
145 177 12
145 184 73
145 190 47
145 199 59
146 151 65
146 156 55
146 158 22
146 164 97
146 166 66
146 167 83
146 170 14
146 172 70
146 177 6
146 181 92
146 182 3
146 185 15
146 194 69
147 154 75
147 163 12
147 180 40
147 185 69
147 187 8
147 192 60
147 198 91
148 149 65
148 152 59
148 153 69
148 159 46
148 160 45
148 166 8
148 175 1
148 177 43
148 179 20
148 180 57
148 181 46
148 189 80
148 193 85
149 153 88
149 156 22
149 163 57
149 165 82
149 170 11
149 172 79
149 185 26
149 192 58
149 193 21
149 195 77
149 198 50
150 160 86
150 167 35
150 172 15
150 174 59
150 177 36
150 187 95
150 189 17
150 199 90
151 166 32
151 167 76
151 176 91
151 179 55
151 181 68
151 184 100
151 186 69
151 196 67
151 198 96
152 154 44
152 155 26
152 168 83
152 173 8
152 174 82
152 175 16
152 178 56
152 183 14
152 187 46
152 190 21
152 191 53
152 192 74
152 195 72
152 197 52
152 198 11
152 199 86
153 157 70
153 159 96
153 160 7
153 165 66
153 173 81
153 175 7
153 187 92
153 188 93
153 192 94
153 195 24
153 197 39
154 165 57
154 171 25
154 172 51
154 180 60
154 183 53
154 187 65
154 192 63
154 197 15
155 171 3
155 175 59
155 186 16
155 197 6
155 199 98
156 161 63
156 167 51
156 171 15
156 172 76
156 174 95
156 181 94
156 183 21
156 188 33
156 196 74
156 198 69
156 199 63
157 160 38
157 161 32
157 162 83
157 164 59
157 165 5
157 167 72
157 168 6
157 173 95
157 175 41
157 177 95
157 178 58
157 187 84
157 192 29
158 160 41
158 168 55
158 171 40
158 175 18
158 177 81
158 182 94
158 198 68
159 164 61
159 167 13
159 183 65
159 186 47
159 189 99
159 197 28
159 198 51
160 163 98
160 164 27
160 182 55
160 191 89
160 195 73
161 164 32
161 168 92
161 179 98
161 184 99
161 185 87
161 189 76
161 190 82
161 191 92
161 196 37
161 197 57
162 170 59
162 175 96
162 177 4
162 179 30
162 185 97
162 191 28
163 164 56
163 172 44
163 173 30
163 175 72
163 177 15
163 181 34
163 183 53
163 190 68
163 195 4
163 198 30
164 171 88
164 182 48
164 189 19
164 199 74
165 173 48
165 176 77
165 182 89
165 183 67
165 184 34
165 190 100
165 192 59
165 194 47
165 197 68
166 169 18
166 170 69
166 173 89
166 176 54
166 181 80
166 183 29
166 184 78
166 185 84
166 186 74
166 189 26
167 168 81
167 172 75
167 174 24
167 175 49
167 180 62
167 184 8
167 197 99
167 198 48
167 199 58
168 170 59
168 180 12
168 182 2
168 190 89
168 194 64
168 198 23
169 173 47
169 174 69
169 175 71
169 182 9
169 186 55
169 196 68
169 197 86
169 198 26
169 199 79
170 174 85
170 183 7
171 173 84
171 175 11
171 179 22
171 186 51
171 194 18
172 178 83
172 179 27
172 181 48
172 190 53
172 193 48
172 196 15
172 198 34
173 175 29
173 181 39
173 185 31
173 188 97
173 189 59
173 191 94
173 193 10
173 198 90
174 178 9
174 183 12
174 186 6
174 194 52
174 195 38
175 176 41
175 179 22
175 190 56
176 183 97
176 186 55
176 187 52
176 188 91
176 191 86
176 198 79
177 183 12
177 185 4
177 189 45
177 198 2
178 179 79
178 185 23
178 187 81
178 188 53
178 193 51
178 195 62
179 181 6
180 195 80
180 197 12
180 198 60
181 182 71
181 192 13
181 193 90
182 184 46
182 190 27
182 192 54
182 194 56
182 195 35
182 198 66
183 184 23
183 187 79
183 192 10
183 193 9
183 194 52
184 187 72
184 195 10
184 197 7
185 190 48
185 194 24
186 198 93
187 195 92
188 189 11
188 192 26
188 194 35
189 190 59
190 194 100
191 194 66
192 195 31
192 197 70
192 198 73
195 198 10
197 199 51
